Number of features removed in this iteration: 258
SMO: 
[[1225.0, 0.0, 1.0, 0.0, 0.0, 0.0], [0.0, 1073.0, 0.0, 0.0, 0.0, 0.0], [2.0, 0.0, 984.0, 0.0, 0.0, 0.0], [0.0, 1.0, 0.0, 1234.0, 51.0, 0.0], [0.0, 0.0, 0.0, 45.0, 1329.0, 0.0], [0.0, 0.0, 0.0, 0.0, 0.0, 1407.0]]
98.63982589771491

Number of features removed in this iteration: 258
SMO: 
[[1224.0, 1.0, 1.0, 0.0, 0.0, 0.0], [0.0, 1073.0, 0.0, 0.0, 0.0, 0.0], [2.0, 0.0, 984.0, 0.0, 0.0, 0.0], [0.0, 1.0, 0.0, 1233.0, 52.0, 0.0], [0.0, 0.0, 0.0, 45.0, 1329.0, 0.0], [0.0, 0.0, 0.0, 0.0, 0.0, 1407.0]]
98.61262241566921

Number of features removed in this iteration: 258
SMO: [[1225.0, 0.0, 1.0, 0.0, 0.0, 0.0], [0.0, 1073.0, 0.0, 0.0, 0.0, 0.0], [2.0, 0.0, 984.0, 0.0, 0.0, 0.0], [0.0, 1.0, 0.0, 1233.0, 52.0, 0.0], [0.0, 0.0, 0.0, 43.0, 1331.0, 0.0], [0.0, 0.0, 0.0, 0.0, 0.0, 1407.0]]
98.65342763873775

Number of features removed in this iteration: 293
SMO: [[1224.0, 1.0, 1.0, 0.0, 0.0, 0.0], [2.0, 1070.0, 1.0, 0.0, 0.0, 0.0], [1.0, 1.0, 984.0, 0.0, 0.0, 0.0], [0.0, 1.0, 0.0, 1179.0, 104.0, 2.0], [0.0, 0.0, 0.0, 67.0, 1307.0, 0.0], [0.0, 0.0, 0.0, 0.0, 0.0, 1407.0]]
97.53808487486398

Number of features removed in this iteration: 244
SMO: [[1225.0, 0.0, 1.0, 0.0, 0.0, 0.0], [0.0, 1073.0, 0.0, 0.0, 0.0, 0.0], [1.0, 0.0, 985.0, 0.0, 0.0, 0.0], [0.0, 1.0, 0.0, 1232.0, 53.0, 0.0], [0.0, 0.0, 0.0, 45.0, 1329.0, 0.0], [0.0, 0.0, 0.0, 0.0, 0.0, 1407.0]]
98.62622415669206

Number of features removed in this iteration: 279
SMO: [[1225.0, 0.0, 1.0, 0.0, 0.0, 0.0], [2.0, 1071.0, 0.0, 0.0, 0.0, 0.0], [1.0, 1.0, 984.0, 0.0, 0.0, 0.0], [0.0, 1.0, 0.0, 1233.0, 52.0, 0.0], [0.0, 0.0, 0.0, 42.0, 1332.0, 0.0], [0.0, 0.0, 0.0, 0.0, 0.0, 1407.0]]
98.63982589771491


